newmtl
Kd 1.0 0.5 0.0 1.0
Ka 1.0 0.5 0.0 1.0
Ks 1.0 1.0 1.0 1.0
Ke 0.0 0.0 0.0 1.0
Ns 10.0
endmtl

newmtl
Kd 1.0  0.0 0.0 1.0
Ka 0.75 0.0 0.0 1.0
Ks 0.0  0.0 0.0 1.0
Ke 0.0  0.0 0.0 1.0
Ns 1.0
endmtl

newmtl
Kd 0.0 1.0  0.0 1.0
Ka 0.0 0.75 0.0 1.0
Ks 0.0 0.0  0.0 1.0
Ke 0.0 0.0  0.0 1.0
Ns 0.0
endmtl

newmtl
Kd 0.0 0.0 1.0  1.0
Ka 0.0 0.0 0.75 1.0
Ks 0.0 0.0 0.0  1.0
Ke 0.0 0.0 0.0  1.0
Ns 0.0
endmtl

newmtl
Kd 1.0  0.0 1.0  1.0
Ka 0.75 0.0 0.75 1.0
Ks 0.0  0.0 0.0  1.0
Ke 0.0  0.0 0.0  1.0
Ns 0.0
endmtl

newmtl
Kd 0.0  1.0  1.0  1.0
Ka 0.0  0.75 0.75 1.0
Ks 0.0  0.0  0.0  1.0
Ke 0.0  0.0  0.0  1.0
Ns 0.0
endmtl
